 file_A onset_A offset_A file_B onset_B offset_B "d(A, B)"
0 geo020s09a0080v02 0.965023 1.052672 geo020s09a0079v02 1.147034 1.225435 0.0701535208456
1 geo020s09a0179v02 1.220316 1.303243 geo020s09a0079v02 1.147034 1.225435 0.124937279608
2 geo020s09a0192v02 0.660306 0.747998 geo020s09a0079v02 1.147034 1.225435 0.0796357006448
3 geo020s09a0079v02 1.147034 1.225435 geo020s09a0080v02 0.965023 1.052672 0.0701535208456
4 geo020s09a0179v02 1.220316 1.303243 geo020s09a0080v02 0.965023 1.052672 0.11516831749
5 geo020s09a0192v02 0.660306 0.747998 geo020s09a0080v02 0.965023 1.052672 0.0739983461128
6 geo020s09a0079v02 1.147034 1.225435 geo020s09a0179v02 1.220316 1.303243 0.124937279608
7 geo020s09a0080v02 0.965023 1.052672 geo020s09a0179v02 1.220316 1.303243 0.11516831749
8 geo020s09a0192v02 0.660306 0.747998 geo020s09a0179v02 1.220316 1.303243 0.0855513321304
0 geo020s09a0118v01 1.40809 1.453953 geo020s09a0081v01 1.298858 1.364895 0.0934139353652
1 geo020s09a0120v01 1.125806 1.196452 geo020s09a0081v01 1.298858 1.364895 0.098678078218
2 geo020s09a0216v01 1.465928 1.54924 geo020s09a0081v01 1.298858 1.364895 0.0496218836314
3 geo020s09a0222v01 1.159772 1.230988 geo020s09a0081v01 1.298858 1.364895 0.0770801518061
4 geo020s09a0081v01 1.298858 1.364895 geo020s09a0118v01 1.40809 1.453953 0.0934139353652
5 geo020s09a0120v01 1.125806 1.196452 geo020s09a0118v01 1.40809 1.453953 0.11936863079
6 geo020s09a0216v01 1.465928 1.54924 geo020s09a0118v01 1.40809 1.453953 0.1007222693
7 geo020s09a0222v01 1.159772 1.230988 geo020s09a0118v01 1.40809 1.453953 0.102806220468
8 geo020s09a0081v01 1.298858 1.364895 geo020s09a0120v01 1.125806 1.196452 0.098678078218
9 geo020s09a0118v01 1.40809 1.453953 geo020s09a0120v01 1.125806 1.196452 0.11936863079
10 geo020s09a0216v01 1.465928 1.54924 geo020s09a0120v01 1.125806 1.196452 0.0728752963955
11 geo020s09a0222v01 1.159772 1.230988 geo020s09a0120v01 1.125806 1.196452 0.0691042543728
12 geo020s09a0081v01 1.298858 1.364895 geo020s09a0216v01 1.465928 1.54924 0.0496218836314
13 geo020s09a0118v01 1.40809 1.453953 geo020s09a0216v01 1.465928 1.54924 0.1007222693
14 geo020s09a0120v01 1.125806 1.196452 geo020s09a0216v01 1.465928 1.54924 0.0728752963955
15 geo020s09a0222v01 1.159772 1.230988 geo020s09a0216v01 1.465928 1.54924 0.0741729832569
0 geo020s08a0086v01 0.746346 0.831146 geo020s08a0084v01 0.817321 0.890953 0.0595213953347
1 geo020s08a0105v01 1.005891 1.081061 geo020s08a0084v01 0.817321 0.890953 0.0516888501351
2 geo020s08a0107v01 0.94525 1.030563 geo020s08a0084v01 0.817321 0.890953 0.0553235090573
3 geo020s08a0126v01 1.309196 1.386125 geo020s08a0084v01 0.817321 0.890953 0.0689881412349
4 geo020s08a0217v01 0.986752 1.072811 geo020s08a0084v01 0.817321 0.890953 0.0701303227036
5 geo020s08a0219v01 1.035365 1.124219 geo020s08a0084v01 0.817321 0.890953 0.0634997361748
6 geo020s08a0240v01 1.02012 1.106425 geo020s08a0084v01 0.817321 0.890953 0.063661721839
7 geo020s08a0084v01 0.817321 0.890953 geo020s08a0086v01 0.746346 0.831146 0.0595213953347
8 geo020s08a0105v01 1.005891 1.081061 geo020s08a0086v01 0.746346 0.831146 0.0659034818553
9 geo020s08a0107v01 0.94525 1.030563 geo020s08a0086v01 0.746346 0.831146 0.0605448839739
10 geo020s08a0126v01 1.309196 1.386125 geo020s08a0086v01 0.746346 0.831146 0.0987011061204
11 geo020s08a0217v01 0.986752 1.072811 geo020s08a0086v01 0.746346 0.831146 0.0630367706208
12 geo020s08a0219v01 1.035365 1.124219 geo020s08a0086v01 0.746346 0.831146 0.0631431204647
13 geo020s08a0240v01 1.02012 1.106425 geo020s08a0086v01 0.746346 0.831146 0.0634803888682
14 geo020s08a0084v01 0.817321 0.890953 geo020s08a0105v01 1.005891 1.081061 0.0516888501351
15 geo020s08a0086v01 0.746346 0.831146 geo020s08a0105v01 1.005891 1.081061 0.0659034818553
16 geo020s08a0107v01 0.94525 1.030563 geo020s08a0105v01 1.005891 1.081061 0.0487864405325
17 geo020s08a0126v01 1.309196 1.386125 geo020s08a0105v01 1.005891 1.081061 0.0850845396194
18 geo020s08a0217v01 0.986752 1.072811 geo020s08a0105v01 1.005891 1.081061 0.084190365103
19 geo020s08a0219v01 1.035365 1.124219 geo020s08a0105v01 1.005891 1.081061 0.076879015695
20 geo020s08a0240v01 1.02012 1.106425 geo020s08a0105v01 1.005891 1.081061 0.0564790542484
21 geo020s08a0084v01 0.817321 0.890953 geo020s08a0126v01 1.309196 1.386125 0.0689881412349
22 geo020s08a0086v01 0.746346 0.831146 geo020s08a0126v01 1.309196 1.386125 0.0987011061204
23 geo020s08a0105v01 1.005891 1.081061 geo020s08a0126v01 1.309196 1.386125 0.0850845396194
24 geo020s08a0107v01 0.94525 1.030563 geo020s08a0126v01 1.309196 1.386125 0.0848423806728
25 geo020s08a0217v01 0.986752 1.072811 geo020s08a0126v01 1.309196 1.386125 0.0864468692474
26 geo020s08a0219v01 1.035365 1.124219 geo020s08a0126v01 1.309196 1.386125 0.0857801893828
27 geo020s08a0240v01 1.02012 1.106425 geo020s08a0126v01 1.309196 1.386125 0.100691265216
28 geo020s08a0084v01 0.817321 0.890953 geo020s08a0217v01 0.986752 1.072811 0.0701303227036
29 geo020s08a0086v01 0.746346 0.831146 geo020s08a0217v01 0.986752 1.072811 0.0630367706208
30 geo020s08a0105v01 1.005891 1.081061 geo020s08a0217v01 0.986752 1.072811 0.084190365103
31 geo020s08a0107v01 0.94525 1.030563 geo020s08a0217v01 0.986752 1.072811 0.0848281992635
32 geo020s08a0126v01 1.309196 1.386125 geo020s08a0217v01 0.986752 1.072811 0.0864468692474
33 geo020s08a0219v01 1.035365 1.124219 geo020s08a0217v01 0.986752 1.072811 0.0435895162671
34 geo020s08a0240v01 1.02012 1.106425 geo020s08a0217v01 0.986752 1.072811 0.0708514930866
35 geo020s08a0084v01 0.817321 0.890953 geo020s08a0219v01 1.035365 1.124219 0.0634997361748
36 geo020s08a0086v01 0.746346 0.831146 geo020s08a0219v01 1.035365 1.124219 0.0631431204647
37 geo020s08a0105v01 1.005891 1.081061 geo020s08a0219v01 1.035365 1.124219 0.076879015695
38 geo020s08a0107v01 0.94525 1.030563 geo020s08a0219v01 1.035365 1.124219 0.0810959252992
39 geo020s08a0126v01 1.309196 1.386125 geo020s08a0219v01 1.035365 1.124219 0.0857801893828
40 geo020s08a0217v01 0.986752 1.072811 geo020s08a0219v01 1.035365 1.124219 0.0435895162671
41 geo020s08a0240v01 1.02012 1.106425 geo020s08a0219v01 1.035365 1.124219 0.0709950161536
42 geo020s08a0084v01 0.817321 0.890953 geo020s08a0240v01 1.02012 1.106425 0.063661721839
43 geo020s08a0086v01 0.746346 0.831146 geo020s08a0240v01 1.02012 1.106425 0.0634803888682
44 geo020s08a0105v01 1.005891 1.081061 geo020s08a0240v01 1.02012 1.106425 0.0564790542484
45 geo020s08a0107v01 0.94525 1.030563 geo020s08a0240v01 1.02012 1.106425 0.0714366706395
46 geo020s08a0126v01 1.309196 1.386125 geo020s08a0240v01 1.02012 1.106425 0.100691265216
47 geo020s08a0217v01 0.986752 1.072811 geo020s08a0240v01 1.02012 1.106425 0.0708514930866
48 geo020s08a0219v01 1.035365 1.124219 geo020s08a0240v01 1.02012 1.106425 0.0709950161536
0 geo020s09a0120v02 0.844353 0.913541 geo020s09a0119v02 0.982432 1.059735 0.0702924335504
1 geo020s09a0221v02 1.035334 1.10605 geo020s09a0119v02 0.982432 1.059735 0.0839489884096
2 geo020s09a0119v02 0.982432 1.059735 geo020s09a0120v02 0.844353 0.913541 0.0702924335504
3 geo020s09a0221v02 1.035334 1.10605 geo020s09a0120v02 0.844353 0.913541 0.0794279078221
0 geo020s09a0057v01 1.874305 2.002329 geo020s09a0045v01 1.415956 1.486712 0.124174928561
1 geo020s09a0080v01 1.210721 1.288513 geo020s09a0045v01 1.415956 1.486712 0.107582756815
2 geo020s09a0180v01 1.145317 1.214692 geo020s09a0045v01 1.415956 1.486712 0.0678354208939
3 geo020s09a0192v01 1.144809 1.246073 geo020s09a0045v01 1.415956 1.486712 0.0992163649192
4 geo020s09a0213v01 1.281384 1.368419 geo020s09a0045v01 1.415956 1.486712 0.105780816746
5 geo020s09a0045v01 1.415956 1.486712 geo020s09a0057v01 1.874305 2.002329 0.124174928561
6 geo020s09a0080v01 1.210721 1.288513 geo020s09a0057v01 1.874305 2.002329 0.084814113483
7 geo020s09a0180v01 1.145317 1.214692 geo020s09a0057v01 1.874305 2.002329 0.133436607209
8 geo020s09a0192v01 1.144809 1.246073 geo020s09a0057v01 1.874305 2.002329 0.0876905749246
9 geo020s09a0213v01 1.281384 1.368419 geo020s09a0057v01 1.874305 2.002329 0.0898492775803
10 geo020s09a0045v01 1.415956 1.486712 geo020s09a0080v01 1.210721 1.288513 0.107582756815
11 geo020s09a0057v01 1.874305 2.002329 geo020s09a0080v01 1.210721 1.288513 0.084814113483
12 geo020s09a0180v01 1.145317 1.214692 geo020s09a0080v01 1.210721 1.288513 0.140975838823
13 geo020s09a0192v01 1.144809 1.246073 geo020s09a0080v01 1.210721 1.288513 0.0550524481021
14 geo020s09a0213v01 1.281384 1.368419 geo020s09a0080v01 1.210721 1.288513 0.0551798862196
15 geo020s09a0045v01 1.415956 1.486712 geo020s09a0180v01 1.145317 1.214692 0.0678354208939
16 geo020s09a0057v01 1.874305 2.002329 geo020s09a0180v01 1.145317 1.214692 0.133436607209
17 geo020s09a0080v01 1.210721 1.288513 geo020s09a0180v01 1.145317 1.214692 0.140975838823
18 geo020s09a0192v01 1.144809 1.246073 geo020s09a0180v01 1.145317 1.214692 0.142363495335
19 geo020s09a0213v01 1.281384 1.368419 geo020s09a0180v01 1.145317 1.214692 0.135881418815
20 geo020s09a0045v01 1.415956 1.486712 geo020s09a0192v01 1.144809 1.246073 0.0992163649192
21 geo020s09a0057v01 1.874305 2.002329 geo020s09a0192v01 1.144809 1.246073 0.0876905749246
22 geo020s09a0080v01 1.210721 1.288513 geo020s09a0192v01 1.144809 1.246073 0.0550524481021
23 geo020s09a0180v01 1.145317 1.214692 geo020s09a0192v01 1.144809 1.246073 0.142363495335
24 geo020s09a0213v01 1.281384 1.368419 geo020s09a0192v01 1.144809 1.246073 0.0597882934289
25 geo020s09a0045v01 1.415956 1.486712 geo020s09a0213v01 1.281384 1.368419 0.105780816746
26 geo020s09a0057v01 1.874305 2.002329 geo020s09a0213v01 1.281384 1.368419 0.0898492775803
27 geo020s09a0080v01 1.210721 1.288513 geo020s09a0213v01 1.281384 1.368419 0.0551798862196
28 geo020s09a0180v01 1.145317 1.214692 geo020s09a0213v01 1.281384 1.368419 0.135881418815
29 geo020s09a0192v01 1.144809 1.246073 geo020s09a0213v01 1.281384 1.368419 0.0597882934289
0 geo020s08a0119v02 1.12028 1.161996 geo020s08a0118v02 0.868953 0.933639 0.167989671342
1 geo020s08a0120v02 0.916801 1.015052 geo020s08a0118v02 0.868953 0.933639 0.191749320349
2 geo020s08a0215v02 0.858613 0.928809 geo020s08a0118v02 0.868953 0.933639 0.0959940452632
3 geo020s08a0216v02 0.618323 0.67239 geo020s08a0118v02 0.868953 0.933639 0.114367131914
4 geo020s08a0221v02 1.0452 1.110918 geo020s08a0118v02 0.868953 0.933639 0.105887010635
5 geo020s08a0222v02 1.003408 1.070977 geo020s08a0118v02 0.868953 0.933639 0.0922762424737
6 geo020s08a0118v02 0.868953 0.933639 geo020s08a0119v02 1.12028 1.161996 0.167989671342
7 geo020s08a0120v02 0.916801 1.015052 geo020s08a0119v02 1.12028 1.161996 0.0950318445181
8 geo020s08a0215v02 0.858613 0.928809 geo020s08a0119v02 1.12028 1.161996 0.187843152483
9 geo020s08a0216v02 0.618323 0.67239 geo020s08a0119v02 1.12028 1.161996 0.193549458498
10 geo020s08a0221v02 1.0452 1.110918 geo020s08a0119v02 1.12028 1.161996 0.172475628547
11 geo020s08a0222v02 1.003408 1.070977 geo020s08a0119v02 1.12028 1.161996 0.181454116021
12 geo020s08a0118v02 0.868953 0.933639 geo020s08a0120v02 0.916801 1.015052 0.191749320349
13 geo020s08a0119v02 1.12028 1.161996 geo020s08a0120v02 0.916801 1.015052 0.0950318445181
14 geo020s08a0215v02 0.858613 0.928809 geo020s08a0120v02 0.916801 1.015052 0.178955929086
15 geo020s08a0216v02 0.618323 0.67239 geo020s08a0120v02 0.916801 1.015052 0.187659642863
16 geo020s08a0221v02 1.0452 1.110918 geo020s08a0120v02 0.916801 1.015052 0.19216654831
17 geo020s08a0222v02 1.003408 1.070977 geo020s08a0120v02 0.916801 1.015052 0.194684375026
18 geo020s08a0118v02 0.868953 0.933639 geo020s08a0215v02 0.858613 0.928809 0.0959940452632
19 geo020s08a0119v02 1.12028 1.161996 geo020s08a0215v02 0.858613 0.928809 0.187843152483
20 geo020s08a0120v02 0.916801 1.015052 geo020s08a0215v02 0.858613 0.928809 0.178955929086
21 geo020s08a0216v02 0.618323 0.67239 geo020s08a0215v02 0.858613 0.928809 0.105435315244
22 geo020s08a0221v02 1.0452 1.110918 geo020s08a0215v02 0.858613 0.928809 0.115195465253
23 geo020s08a0222v02 1.003408 1.070977 geo020s08a0215v02 0.858613 0.928809 0.0960439248159
24 geo020s08a0118v02 0.868953 0.933639 geo020s08a0216v02 0.618323 0.67239 0.114367131914
25 geo020s08a0119v02 1.12028 1.161996 geo020s08a0216v02 0.618323 0.67239 0.193549458498
26 geo020s08a0120v02 0.916801 1.015052 geo020s08a0216v02 0.618323 0.67239 0.187659642863
27 geo020s08a0215v02 0.858613 0.928809 geo020s08a0216v02 0.618323 0.67239 0.105435315244
28 geo020s08a0221v02 1.0452 1.110918 geo020s08a0216v02 0.618323 0.67239 0.116448814844
29 geo020s08a0222v02 1.003408 1.070977 geo020s08a0216v02 0.618323 0.67239 0.111031035615
30 geo020s08a0118v02 0.868953 0.933639 geo020s08a0221v02 1.0452 1.110918 0.105887010635
31 geo020s08a0119v02 1.12028 1.161996 geo020s08a0221v02 1.0452 1.110918 0.172475628547
32 geo020s08a0120v02 0.916801 1.015052 geo020s08a0221v02 1.0452 1.110918 0.19216654831
33 geo020s08a0215v02 0.858613 0.928809 geo020s08a0221v02 1.0452 1.110918 0.115195465253
34 geo020s08a0216v02 0.618323 0.67239 geo020s08a0221v02 1.0452 1.110918 0.116448814844
35 geo020s08a0222v02 1.003408 1.070977 geo020s08a0221v02 1.0452 1.110918 0.0469264481086
36 geo020s08a0118v02 0.868953 0.933639 geo020s08a0222v02 1.003408 1.070977 0.0922762424737
37 geo020s08a0119v02 1.12028 1.161996 geo020s08a0222v02 1.003408 1.070977 0.181454116021
38 geo020s08a0120v02 0.916801 1.015052 geo020s08a0222v02 1.003408 1.070977 0.194684375026
39 geo020s08a0215v02 0.858613 0.928809 geo020s08a0222v02 1.003408 1.070977 0.0960439248159
40 geo020s08a0216v02 0.618323 0.67239 geo020s08a0222v02 1.003408 1.070977 0.111031035615
41 geo020s08a0221v02 1.0452 1.110918 geo020s08a0222v02 1.003408 1.070977 0.0469264481086
0 geo020s09a0086v01 0.943701 1.004696 geo020s09a0084v01 1.134292 1.205841 0.0604116685237
1 geo020s09a0105v01 1.321692 1.404988 geo020s09a0084v01 1.134292 1.205841 0.0877743548015
2 geo020s09a0107v01 1.130221 1.203975 geo020s09a0084v01 1.134292 1.205841 0.06338890114
3 geo020s09a0126v01 1.199311 1.266671 geo020s09a0084v01 1.134292 1.205841 0.110804389099
4 geo020s09a0240v01 1.712697 1.784068 geo020s09a0084v01 1.134292 1.205841 0.0858002861097
5 geo020s09a0242v01 1.184629 1.273188 geo020s09a0084v01 1.134292 1.205841 0.0615504710822
6 geo020s09a0084v01 1.134292 1.205841 geo020s09a0086v01 0.943701 1.004696 0.0604116685237
7 geo020s09a0105v01 1.321692 1.404988 geo020s09a0086v01 0.943701 1.004696 0.0675255004926
8 geo020s09a0107v01 1.130221 1.203975 geo020s09a0086v01 0.943701 1.004696 0.0662213868741
9 geo020s09a0126v01 1.199311 1.266671 geo020s09a0086v01 0.943701 1.004696 0.119722766808
10 geo020s09a0240v01 1.712697 1.784068 geo020s09a0086v01 0.943701 1.004696 0.078826530755
11 geo020s09a0242v01 1.184629 1.273188 geo020s09a0086v01 0.943701 1.004696 0.05694892421
12 geo020s09a0084v01 1.134292 1.205841 geo020s09a0105v01 1.321692 1.404988 0.0877743548015
13 geo020s09a0086v01 0.943701 1.004696 geo020s09a0105v01 1.321692 1.404988 0.0675255004926
14 geo020s09a0107v01 1.130221 1.203975 geo020s09a0105v01 1.321692 1.404988 0.0802362876462
15 geo020s09a0126v01 1.199311 1.266671 geo020s09a0105v01 1.321692 1.404988 0.121524658745
16 geo020s09a0240v01 1.712697 1.784068 geo020s09a0105v01 1.321692 1.404988 0.0676813305709
17 geo020s09a0242v01 1.184629 1.273188 geo020s09a0105v01 1.321692 1.404988 0.0712158816858
18 geo020s09a0084v01 1.134292 1.205841 geo020s09a0107v01 1.130221 1.203975 0.06338890114
19 geo020s09a0086v01 0.943701 1.004696 geo020s09a0107v01 1.130221 1.203975 0.0662213868741
20 geo020s09a0105v01 1.321692 1.404988 geo020s09a0107v01 1.130221 1.203975 0.0802362876462
21 geo020s09a0126v01 1.199311 1.266671 geo020s09a0107v01 1.130221 1.203975 0.102246508017
22 geo020s09a0240v01 1.712697 1.784068 geo020s09a0107v01 1.130221 1.203975 0.0827497279955
23 geo020s09a0242v01 1.184629 1.273188 geo020s09a0107v01 1.130221 1.203975 0.0616904402953
24 geo020s09a0084v01 1.134292 1.205841 geo020s09a0126v01 1.199311 1.266671 0.110804389099
25 geo020s09a0086v01 0.943701 1.004696 geo020s09a0126v01 1.199311 1.266671 0.119722766808
26 geo020s09a0105v01 1.321692 1.404988 geo020s09a0126v01 1.199311 1.266671 0.121524658745
27 geo020s09a0107v01 1.130221 1.203975 geo020s09a0126v01 1.199311 1.266671 0.102246508017
28 geo020s09a0240v01 1.712697 1.784068 geo020s09a0126v01 1.199311 1.266671 0.13664872214
29 geo020s09a0242v01 1.184629 1.273188 geo020s09a0126v01 1.199311 1.266671 0.110400086826
30 geo020s09a0084v01 1.134292 1.205841 geo020s09a0240v01 1.712697 1.784068 0.0858002861097
31 geo020s09a0086v01 0.943701 1.004696 geo020s09a0240v01 1.712697 1.784068 0.078826530755
32 geo020s09a0105v01 1.321692 1.404988 geo020s09a0240v01 1.712697 1.784068 0.0676813305709
33 geo020s09a0107v01 1.130221 1.203975 geo020s09a0240v01 1.712697 1.784068 0.0827497279955
34 geo020s09a0126v01 1.199311 1.266671 geo020s09a0240v01 1.712697 1.784068 0.13664872214
35 geo020s09a0242v01 1.184629 1.273188 geo020s09a0240v01 1.712697 1.784068 0.0735167143077
36 geo020s09a0084v01 1.134292 1.205841 geo020s09a0242v01 1.184629 1.273188 0.0615504710822
37 geo020s09a0086v01 0.943701 1.004696 geo020s09a0242v01 1.184629 1.273188 0.05694892421
38 geo020s09a0105v01 1.321692 1.404988 geo020s09a0242v01 1.184629 1.273188 0.0712158816858
39 geo020s09a0107v01 1.130221 1.203975 geo020s09a0242v01 1.184629 1.273188 0.0616904402953
40 geo020s09a0126v01 1.199311 1.266671 geo020s09a0242v01 1.184629 1.273188 0.110400086826
41 geo020s09a0240v01 1.712697 1.784068 geo020s09a0242v01 1.184629 1.273188 0.0735167143077
0 geo020s08a0087v01 1.306648 1.376146 geo020s08a0081v01 0.926044 0.984595 0.0658767298681
1 geo020s08a0118v01 1.077017 1.140616 geo020s08a0081v01 0.926044 0.984595 0.075319198694
2 geo020s08a0120v01 0.988689 1.03044 geo020s08a0081v01 0.926044 0.984595 0.143509382418
3 geo020s08a0216v01 0.746981 0.79737 geo020s08a0081v01 0.926044 0.984595 0.0930794113665
4 geo020s08a0222v01 1.096152 1.163182 geo020s08a0081v01 0.926044 0.984595 0.0922535969577
5 geo020s08a0081v01 0.926044 0.984595 geo020s08a0087v01 1.306648 1.376146 0.0658767298681
6 geo020s08a0118v01 1.077017 1.140616 geo020s08a0087v01 1.306648 1.376146 0.0796239220625
7 geo020s08a0120v01 0.988689 1.03044 geo020s08a0087v01 1.306648 1.376146 0.154602855139
8 geo020s08a0216v01 0.746981 0.79737 geo020s08a0087v01 1.306648 1.376146 0.120052671174
9 geo020s08a0222v01 1.096152 1.163182 geo020s08a0087v01 1.306648 1.376146 0.0607045002864
10 geo020s08a0081v01 0.926044 0.984595 geo020s08a0118v01 1.077017 1.140616 0.075319198694
11 geo020s08a0087v01 1.306648 1.376146 geo020s08a0118v01 1.077017 1.140616 0.0796239220625
12 geo020s08a0120v01 0.988689 1.03044 geo020s08a0118v01 1.077017 1.140616 0.181495426113
13 geo020s08a0216v01 0.746981 0.79737 geo020s08a0118v01 1.077017 1.140616 0.108965808572
14 geo020s08a0222v01 1.096152 1.163182 geo020s08a0118v01 1.077017 1.140616 0.0885725605885
15 geo020s08a0081v01 0.926044 0.984595 geo020s08a0120v01 0.988689 1.03044 0.143509382418
16 geo020s08a0087v01 1.306648 1.376146 geo020s08a0120v01 0.988689 1.03044 0.154602855139
17 geo020s08a0118v01 1.077017 1.140616 geo020s08a0120v01 0.988689 1.03044 0.181495426113
18 geo020s08a0216v01 0.746981 0.79737 geo020s08a0120v01 0.988689 1.03044 0.186534168264
19 geo020s08a0222v01 1.096152 1.163182 geo020s08a0120v01 0.988689 1.03044 0.161344811607
20 geo020s08a0081v01 0.926044 0.984595 geo020s08a0216v01 0.746981 0.79737 0.0930794113665
21 geo020s08a0087v01 1.306648 1.376146 geo020s08a0216v01 0.746981 0.79737 0.120052671174
22 geo020s08a0118v01 1.077017 1.140616 geo020s08a0216v01 0.746981 0.79737 0.108965808572
23 geo020s08a0120v01 0.988689 1.03044 geo020s08a0216v01 0.746981 0.79737 0.186534168264
24 geo020s08a0222v01 1.096152 1.163182 geo020s08a0216v01 0.746981 0.79737 0.128051766866
0 geo020s09a0085v02 1.019652 1.094645 geo020s09a0083v02 0.928808 1.007662 0.0456090358966
1 geo020s09a0126v02 1.105634 1.188014 geo020s09a0083v02 0.928808 1.007662 0.116338670293
2 geo020s09a0239v02 0.842729 0.919136 geo020s09a0083v02 0.928808 1.007662 0.070138088273
3 geo020s09a0240v02 0.713095 0.765288 geo020s09a0083v02 0.928808 1.007662 0.0749643218239
4 geo020s09a0241v02 0.968871 1.055413 geo020s09a0083v02 0.928808 1.007662 0.0643488563518
5 geo020s09a0242v02 0.718548 0.80748 geo020s09a0083v02 0.928808 1.007662 0.0618198708519
6 geo020s09a0083v02 0.928808 1.007662 geo020s09a0085v02 1.019652 1.094645 0.0456090358966
7 geo020s09a0126v02 1.105634 1.188014 geo020s09a0085v02 1.019652 1.094645 0.110384983825
8 geo020s09a0239v02 0.842729 0.919136 geo020s09a0085v02 1.019652 1.094645 0.0746972649003
9 geo020s09a0240v02 0.713095 0.765288 geo020s09a0085v02 1.019652 1.094645 0.0621533627882
10 geo020s09a0241v02 0.968871 1.055413 geo020s09a0085v02 1.019652 1.094645 0.0667766352137
11 geo020s09a0242v02 0.718548 0.80748 geo020s09a0085v02 1.019652 1.094645 0.0627319316618
12 geo020s09a0083v02 0.928808 1.007662 geo020s09a0126v02 1.105634 1.188014 0.116338670293
13 geo020s09a0085v02 1.019652 1.094645 geo020s09a0126v02 1.105634 1.188014 0.110384983825
14 geo020s09a0239v02 0.842729 0.919136 geo020s09a0126v02 1.105634 1.188014 0.120472035473
15 geo020s09a0240v02 0.713095 0.765288 geo020s09a0126v02 1.105634 1.188014 0.103303047172
16 geo020s09a0241v02 0.968871 1.055413 geo020s09a0126v02 1.105634 1.188014 0.111054769492
17 geo020s09a0242v02 0.718548 0.80748 geo020s09a0126v02 1.105634 1.188014 0.117348752395
18 geo020s09a0083v02 0.928808 1.007662 geo020s09a0239v02 0.842729 0.919136 0.070138088273
19 geo020s09a0085v02 1.019652 1.094645 geo020s09a0239v02 0.842729 0.919136 0.0746972649003
20 geo020s09a0126v02 1.105634 1.188014 geo020s09a0239v02 0.842729 0.919136 0.120472035473
21 geo020s09a0240v02 0.713095 0.765288 geo020s09a0239v02 0.842729 0.919136 0.0637729609985
22 geo020s09a0241v02 0.968871 1.055413 geo020s09a0239v02 0.842729 0.919136 0.0851295651103
23 geo020s09a0242v02 0.718548 0.80748 geo020s09a0239v02 0.842729 0.919136 0.0550716088749
24 geo020s09a0083v02 0.928808 1.007662 geo020s09a0240v02 0.713095 0.765288 0.0749643218239
25 geo020s09a0085v02 1.019652 1.094645 geo020s09a0240v02 0.713095 0.765288 0.0621533627882
26 geo020s09a0126v02 1.105634 1.188014 geo020s09a0240v02 0.713095 0.765288 0.103303047172
27 geo020s09a0239v02 0.842729 0.919136 geo020s09a0240v02 0.713095 0.765288 0.0637729609985
28 geo020s09a0241v02 0.968871 1.055413 geo020s09a0240v02 0.713095 0.765288 0.0886390473317
29 geo020s09a0242v02 0.718548 0.80748 geo020s09a0240v02 0.713095 0.765288 0.0799251406855
30 geo020s09a0083v02 0.928808 1.007662 geo020s09a0241v02 0.968871 1.055413 0.0643488563518
31 geo020s09a0085v02 1.019652 1.094645 geo020s09a0241v02 0.968871 1.055413 0.0667766352137
32 geo020s09a0126v02 1.105634 1.188014 geo020s09a0241v02 0.968871 1.055413 0.111054769492
33 geo020s09a0239v02 0.842729 0.919136 geo020s09a0241v02 0.968871 1.055413 0.0851295651103
34 geo020s09a0240v02 0.713095 0.765288 geo020s09a0241v02 0.968871 1.055413 0.0886390473317
35 geo020s09a0242v02 0.718548 0.80748 geo020s09a0241v02 0.968871 1.055413 0.0713806081177
36 geo020s09a0083v02 0.928808 1.007662 geo020s09a0242v02 0.718548 0.80748 0.0618198708519
37 geo020s09a0085v02 1.019652 1.094645 geo020s09a0242v02 0.718548 0.80748 0.0627319316618
38 geo020s09a0126v02 1.105634 1.188014 geo020s09a0242v02 0.718548 0.80748 0.117348752395
39 geo020s09a0239v02 0.842729 0.919136 geo020s09a0242v02 0.718548 0.80748 0.0550716088749
40 geo020s09a0240v02 0.713095 0.765288 geo020s09a0242v02 0.718548 0.80748 0.0799251406855
41 geo020s09a0241v02 0.968871 1.055413 geo020s09a0242v02 0.718548 0.80748 0.0713806081177
0 geo020s08a0057v01 0.979869 1.085871 geo020s08a0045v01 0.990282 1.071573 0.0736369633018
1 geo020s08a0080v01 0.868777 0.961853 geo020s08a0045v01 0.990282 1.071573 0.0906631962723
2 geo020s08a0180v01 1.012978 1.094834 geo020s08a0045v01 0.990282 1.071573 0.0565041575784
3 geo020s08a0192v01 0.920889 1.005559 geo020s08a0045v01 0.990282 1.071573 0.0929318712849
4 geo020s08a0213v01 1.152514 1.223825 geo020s08a0045v01 0.990282 1.071573 0.0715051294598
5 geo020s08a0045v01 0.990282 1.071573 geo020s08a0057v01 0.979869 1.085871 0.0736369633018
6 geo020s08a0080v01 0.868777 0.961853 geo020s08a0057v01 0.979869 1.085871 0.0730241674442
7 geo020s08a0180v01 1.012978 1.094834 geo020s08a0057v01 0.979869 1.085871 0.0669498188039
8 geo020s08a0192v01 0.920889 1.005559 geo020s08a0057v01 0.979869 1.085871 0.0518929003753
9 geo020s08a0213v01 1.152514 1.223825 geo020s08a0057v01 0.979869 1.085871 0.080241912256
10 geo020s08a0045v01 0.990282 1.071573 geo020s08a0080v01 0.868777 0.961853 0.0906631962723
11 geo020s08a0057v01 0.979869 1.085871 geo020s08a0080v01 0.868777 0.961853 0.0730241674442
12 geo020s08a0180v01 1.012978 1.094834 geo020s08a0080v01 0.868777 0.961853 0.0923113433067
13 geo020s08a0192v01 0.920889 1.005559 geo020s08a0080v01 0.868777 0.961853 0.0685785239829
14 geo020s08a0213v01 1.152514 1.223825 geo020s08a0080v01 0.868777 0.961853 0.070851456382
15 geo020s08a0045v01 0.990282 1.071573 geo020s08a0180v01 1.012978 1.094834 0.0565041575784
16 geo020s08a0057v01 0.979869 1.085871 geo020s08a0180v01 1.012978 1.094834 0.0669498188039
17 geo020s08a0080v01 0.868777 0.961853 geo020s08a0180v01 1.012978 1.094834 0.0923113433067
18 geo020s08a0192v01 0.920889 1.005559 geo020s08a0180v01 1.012978 1.094834 0.0832282895425
19 geo020s08a0213v01 1.152514 1.223825 geo020s08a0180v01 1.012978 1.094834 0.0736764550839
20 geo020s08a0045v01 0.990282 1.071573 geo020s08a0192v01 0.920889 1.005559 0.0929318712849
21 geo020s08a0057v01 0.979869 1.085871 geo020s08a0192v01 0.920889 1.005559 0.0518929003753
22 geo020s08a0080v01 0.868777 0.961853 geo020s08a0192v01 0.920889 1.005559 0.0685785239829
23 geo020s08a0180v01 1.012978 1.094834 geo020s08a0192v01 0.920889 1.005559 0.0832282895425
24 geo020s08a0213v01 1.152514 1.223825 geo020s08a0192v01 0.920889 1.005559 0.0818720725475
25 geo020s08a0045v01 0.990282 1.071573 geo020s08a0213v01 1.152514 1.223825 0.0715051294598
26 geo020s08a0057v01 0.979869 1.085871 geo020s08a0213v01 1.152514 1.223825 0.080241912256
27 geo020s08a0080v01 0.868777 0.961853 geo020s08a0213v01 1.152514 1.223825 0.070851456382
28 geo020s08a0180v01 1.012978 1.094834 geo020s08a0213v01 1.152514 1.223825 0.0736764550839
29 geo020s08a0192v01 0.920889 1.005559 geo020s08a0213v01 1.152514 1.223825 0.0818720725475
0 geo020s08a0080v02 0.85286 0.941804 geo020s08a0079v02 0.900558 0.983238 0.0607909606164
1 geo020s08a0179v02 0.837359 0.9204 geo020s08a0079v02 0.900558 0.983238 0.0785622451975
2 geo020s08a0180v02 0.805312 0.886198 geo020s08a0079v02 0.900558 0.983238 0.0922871658941
3 geo020s08a0191v02 0.835588 0.930363 geo020s08a0079v02 0.900558 0.983238 0.0777934469894
4 geo020s08a0192v02 0.745204 0.830944 geo020s08a0079v02 0.900558 0.983238 0.0775037294903
5 geo020s08a0079v02 0.900558 0.983238 geo020s08a0080v02 0.85286 0.941804 0.0607909606164
6 geo020s08a0179v02 0.837359 0.9204 geo020s08a0080v02 0.85286 0.941804 0.070678027671
7 geo020s08a0180v02 0.805312 0.886198 geo020s08a0080v02 0.85286 0.941804 0.0704331458764
8 geo020s08a0191v02 0.835588 0.930363 geo020s08a0080v02 0.85286 0.941804 0.0519255830464
9 geo020s08a0192v02 0.745204 0.830944 geo020s08a0080v02 0.85286 0.941804 0.0637972785746
10 geo020s08a0079v02 0.900558 0.983238 geo020s08a0179v02 0.837359 0.9204 0.0785622451975
11 geo020s08a0080v02 0.85286 0.941804 geo020s08a0179v02 0.837359 0.9204 0.070678027671
12 geo020s08a0180v02 0.805312 0.886198 geo020s08a0179v02 0.837359 0.9204 0.0570574687218
13 geo020s08a0191v02 0.835588 0.930363 geo020s08a0179v02 0.837359 0.9204 0.0709510390446
14 geo020s08a0192v02 0.745204 0.830944 geo020s08a0179v02 0.837359 0.9204 0.0634914836202
15 geo020s08a0079v02 0.900558 0.983238 geo020s08a0180v02 0.805312 0.886198 0.0922871658941
16 geo020s08a0080v02 0.85286 0.941804 geo020s08a0180v02 0.805312 0.886198 0.0704331458764
17 geo020s08a0179v02 0.837359 0.9204 geo020s08a0180v02 0.805312 0.886198 0.0570574687218
18 geo020s08a0191v02 0.835588 0.930363 geo020s08a0180v02 0.805312 0.886198 0.0681653174001
19 geo020s08a0192v02 0.745204 0.830944 geo020s08a0180v02 0.805312 0.886198 0.0726239263926
20 geo020s08a0079v02 0.900558 0.983238 geo020s08a0191v02 0.835588 0.930363 0.0777934469894
21 geo020s08a0080v02 0.85286 0.941804 geo020s08a0191v02 0.835588 0.930363 0.0519255830464
22 geo020s08a0179v02 0.837359 0.9204 geo020s08a0191v02 0.835588 0.930363 0.0709510390446
23 geo020s08a0180v02 0.805312 0.886198 geo020s08a0191v02 0.835588 0.930363 0.0681653174001
24 geo020s08a0192v02 0.745204 0.830944 geo020s08a0191v02 0.835588 0.930363 0.0504868487437
25 geo020s08a0079v02 0.900558 0.983238 geo020s08a0192v02 0.745204 0.830944 0.0775037294903
26 geo020s08a0080v02 0.85286 0.941804 geo020s08a0192v02 0.745204 0.830944 0.0637972785746
27 geo020s08a0179v02 0.837359 0.9204 geo020s08a0192v02 0.745204 0.830944 0.0634914836202
28 geo020s08a0180v02 0.805312 0.886198 geo020s08a0192v02 0.745204 0.830944 0.0726239263926
29 geo020s08a0191v02 0.835588 0.930363 geo020s08a0192v02 0.745204 0.830944 0.0504868487437
